6.906778|2.456015
6.523399|3.292117
2.010533|1.256195
0.991204|0.919068
-2.934041|-6.490049
1.779757|1.119609
7.315603|1.834812
-2.793858|-6.478176
-6.119534|-3.969248
2.640804|0.127091
-5.287280|-2.697067
-6.253949|-2.234667
6.693931|2.587075
-5.027924|-3.165062
6.569834|2.467401
7.208788|3.281091
2.871484|0.428358
-6.654724|-3.246209
7.587121|3.147514
-6.568389|-2.955022
-3.288869|-7.748134
7.659904|2.752987
-3.489897|-6.633169
-4.116175|-6.925111
7.443944|3.602812
-2.857590|-7.268487
6.078042|2.656019
-6.488960|-3.039997
-6.408305|-3.513875
-6.209859|-3.346282
-3.520468|-8.087735
-3.387859|-6.488830
2.352418|0.722253
6.329170|3.502645
-4.717262|-7.133498
1.618994|0.709891
-3.964486|-7.184817
-4.893964|-2.695982
7.761121|3.408970
-3.773724|-8.083995
2.428970|1.096516
6.552020|2.605223
1.547955|-0.115762
6.429439|2.259746
-3.230498|-7.687375
-4.127630|-7.034447
6.885830|1.809384
8.014845|3.651402
-4.659327|-6.667563
1.845189|0.259693
1.335165|-0.277403
-6.635790|-3.456320
-3.117922|-7.116244
1.347843|1.163946
1.870720|0.722677
1.588951|1.384276
-5.267874|-3.460831
2.423433|0.162952
1.803748|0.292855
2.902798|1.171977
2.246703|1.541076
1.104226|-0.358732
-2.878559|-6.599176
8.045517|1.801688
6.688875|2.706342
2.878778|1.221889
1.458017|0.689998
7.251337|2.254702
-4.886090|-2.684891
-4.618496|-6.989973
-3.620861|-7.709335
-6.430281|-3.329362
-6.662230|-3.418693
7.115409|2.343100
-3.173114|-7.048111
-3.471631|-7.135400
-3.968772|-6.643449
1.915590|0.458640
-5.077338|-3.361406
-5.658263|-3.190673
1.051938|-0.352367
7.113201|2.060672
6.137899|2.134423
6.892272|3.188834
-3.092130|-7.214139
-3.210199|-7.896541
-5.636031|-2.834271
2.694037|-0.214809
-3.868772|-6.467916
-3.274138|-7.390198
2.414670|0.607425
0.967699|-0.340373
2.278403|-0.263473
-3.497841|-7.343951
-2.865926|-7.646852
7.896956|1.951266
-5.793917|-2.726058
7.794574|2.779188
7.461825|1.699645
2.759777|1.107398
-5.653021|-3.113936
-4.352284|-7.354117
1.127431|-0.130029
-6.406010|-2.508579
8.058176|3.191998
-4.010134|-6.991132
-2.795906|-8.049067
-4.328910|-8.315492
-5.606376|-2.672852
-5.076153|-2.879141
-5.607276|-3.796181
2.588174|0.310702
6.253237|2.579404
-5.819986|-2.867898
-4.164574|-7.112535
-3.773915|-6.333440
-5.068979|-2.098304
-5.056310|-3.637985
-5.954689|-2.508379
-2.896906|-7.090363
1.493919|-0.049906
-4.652744|-6.339549
-6.016131|-3.905498
-5.145692|-2.989501
1.005254|1.305091
-2.799381|-7.591345
-3.511002|-7.924343
-3.942837|-8.244671
6.488916|2.555710
7.484627|2.448034
-5.108745|-2.801389
-4.667525|-6.906717
2.310040|-0.275115
-3.333818|-6.596576
-4.003240|-6.557389
-5.403099|-2.325728
7.936189|2.729774
1.372298|1.468829
-3.402902|-8.015005
2.911148|1.320374
7.803325|3.054948
-2.882464|-6.842436
-6.675476|-3.256649
6.456787|1.976037
-2.960621|-7.257063
-3.805609|-7.924179
-3.913091|-8.048989
-5.562817|-3.400944
2.520439|-0.344680
-5.934927|-4.069536
1.771601|1.342727
1.061731|1.249492
6.868928|3.417335
-5.073803|-3.964152
1.214771|1.534394
